{
 "cells": [
  {
   "cell_type": "code",
   "execution_count": 1,
   "metadata": {},
   "outputs": [],
   "source": [
    "from pathlib import Path\n",
    "\n",
    "import pandas as pd"
   ]
  },
  {
   "cell_type": "code",
   "execution_count": 2,
   "metadata": {},
   "outputs": [
    {
     "name": "stdout",
     "output_type": "stream",
     "text": [
      "(195000, 5)\n"
     ]
    },
    {
     "data": {
      "text/html": [
       "<div>\n",
       "<style scoped>\n",
       "    .dataframe tbody tr th:only-of-type {\n",
       "        vertical-align: middle;\n",
       "    }\n",
       "\n",
       "    .dataframe tbody tr th {\n",
       "        vertical-align: top;\n",
       "    }\n",
       "\n",
       "    .dataframe thead th {\n",
       "        text-align: right;\n",
       "    }\n",
       "</style>\n",
       "<table border=\"1\" class=\"dataframe\">\n",
       "  <thead>\n",
       "    <tr style=\"text-align: right;\">\n",
       "      <th></th>\n",
       "      <th>hparams</th>\n",
       "      <th>mae</th>\n",
       "      <th>rmse</th>\n",
       "      <th>spearman</th>\n",
       "      <th>r2_score</th>\n",
       "    </tr>\n",
       "  </thead>\n",
       "  <tbody>\n",
       "    <tr>\n",
       "      <th>0</th>\n",
       "      <td>{'learning_rate': 0.05, 'max_depth': 2, 'min_c...</td>\n",
       "      <td>8.473564</td>\n",
       "      <td>16.11523</td>\n",
       "      <td>0.719094</td>\n",
       "      <td>0.643483</td>\n",
       "    </tr>\n",
       "    <tr>\n",
       "      <th>1</th>\n",
       "      <td>{'learning_rate': 0.05, 'max_depth': 2, 'min_c...</td>\n",
       "      <td>8.473564</td>\n",
       "      <td>16.11523</td>\n",
       "      <td>0.719094</td>\n",
       "      <td>0.643483</td>\n",
       "    </tr>\n",
       "    <tr>\n",
       "      <th>2</th>\n",
       "      <td>{'learning_rate': 0.05, 'max_depth': 2, 'min_c...</td>\n",
       "      <td>8.473564</td>\n",
       "      <td>16.11523</td>\n",
       "      <td>0.719094</td>\n",
       "      <td>0.643483</td>\n",
       "    </tr>\n",
       "    <tr>\n",
       "      <th>3</th>\n",
       "      <td>{'learning_rate': 0.05, 'max_depth': 2, 'min_c...</td>\n",
       "      <td>8.473564</td>\n",
       "      <td>16.11523</td>\n",
       "      <td>0.719094</td>\n",
       "      <td>0.643483</td>\n",
       "    </tr>\n",
       "    <tr>\n",
       "      <th>4</th>\n",
       "      <td>{'learning_rate': 0.05, 'max_depth': 2, 'min_c...</td>\n",
       "      <td>8.473564</td>\n",
       "      <td>16.11523</td>\n",
       "      <td>0.719094</td>\n",
       "      <td>0.643483</td>\n",
       "    </tr>\n",
       "  </tbody>\n",
       "</table>\n",
       "</div>"
      ],
      "text/plain": [
       "                                             hparams       mae      rmse  \\\n",
       "0  {'learning_rate': 0.05, 'max_depth': 2, 'min_c...  8.473564  16.11523   \n",
       "1  {'learning_rate': 0.05, 'max_depth': 2, 'min_c...  8.473564  16.11523   \n",
       "2  {'learning_rate': 0.05, 'max_depth': 2, 'min_c...  8.473564  16.11523   \n",
       "3  {'learning_rate': 0.05, 'max_depth': 2, 'min_c...  8.473564  16.11523   \n",
       "4  {'learning_rate': 0.05, 'max_depth': 2, 'min_c...  8.473564  16.11523   \n",
       "\n",
       "   spearman  r2_score  \n",
       "0  0.719094  0.643483  \n",
       "1  0.719094  0.643483  \n",
       "2  0.719094  0.643483  \n",
       "3  0.719094  0.643483  \n",
       "4  0.719094  0.643483  "
      ]
     },
     "metadata": {},
     "output_type": "display_data"
    }
   ],
   "source": [
    "df_results = pd.DataFrame()\n",
    "for i in range(40):\n",
    "    path_results = f\"{i}_results_gdsearch.json.gz\"\n",
    "    df_results = pd.concat(\n",
    "        [df_results, pd.read_json(path_results, orient=\"index\")], axis=0\n",
    "    )\n",
    "print(df_results.shape)\n",
    "display(df_results.head())"
   ]
  },
  {
   "cell_type": "code",
   "execution_count": 4,
   "metadata": {},
   "outputs": [
    {
     "data": {
      "text/html": [
       "<div>\n",
       "<style scoped>\n",
       "    .dataframe tbody tr th:only-of-type {\n",
       "        vertical-align: middle;\n",
       "    }\n",
       "\n",
       "    .dataframe tbody tr th {\n",
       "        vertical-align: top;\n",
       "    }\n",
       "\n",
       "    .dataframe thead th {\n",
       "        text-align: right;\n",
       "    }\n",
       "</style>\n",
       "<table border=\"1\" class=\"dataframe\">\n",
       "  <thead>\n",
       "    <tr style=\"text-align: right;\">\n",
       "      <th></th>\n",
       "      <th>hparams</th>\n",
       "      <th>mae</th>\n",
       "      <th>rmse</th>\n",
       "      <th>spearman</th>\n",
       "      <th>r2_score</th>\n",
       "    </tr>\n",
       "  </thead>\n",
       "  <tbody>\n",
       "    <tr>\n",
       "      <th>175141</th>\n",
       "      <td>{'learning_rate': 0.45454545454545403, 'max_de...</td>\n",
       "      <td>5.531810</td>\n",
       "      <td>10.821907</td>\n",
       "      <td>0.760270</td>\n",
       "      <td>0.839226</td>\n",
       "    </tr>\n",
       "    <tr>\n",
       "      <th>174946</th>\n",
       "      <td>{'learning_rate': 0.45454545454545403, 'max_de...</td>\n",
       "      <td>5.531810</td>\n",
       "      <td>10.821907</td>\n",
       "      <td>0.760270</td>\n",
       "      <td>0.839226</td>\n",
       "    </tr>\n",
       "    <tr>\n",
       "      <th>174751</th>\n",
       "      <td>{'learning_rate': 0.45454545454545403, 'max_de...</td>\n",
       "      <td>5.531810</td>\n",
       "      <td>10.821907</td>\n",
       "      <td>0.760270</td>\n",
       "      <td>0.839226</td>\n",
       "    </tr>\n",
       "    <tr>\n",
       "      <th>175336</th>\n",
       "      <td>{'learning_rate': 0.45454545454545403, 'max_de...</td>\n",
       "      <td>5.531810</td>\n",
       "      <td>10.821907</td>\n",
       "      <td>0.760270</td>\n",
       "      <td>0.839226</td>\n",
       "    </tr>\n",
       "    <tr>\n",
       "      <th>172416</th>\n",
       "      <td>{'learning_rate': 0.449999999999999, 'max_dept...</td>\n",
       "      <td>5.681253</td>\n",
       "      <td>11.980103</td>\n",
       "      <td>0.789782</td>\n",
       "      <td>0.802972</td>\n",
       "    </tr>\n",
       "    <tr>\n",
       "      <th>141999</th>\n",
       "      <td>{'learning_rate': 0.37727272727272704, 'max_de...</td>\n",
       "      <td>5.723900</td>\n",
       "      <td>11.526973</td>\n",
       "      <td>0.833376</td>\n",
       "      <td>0.817595</td>\n",
       "    </tr>\n",
       "    <tr>\n",
       "      <th>145312</th>\n",
       "      <td>{'learning_rate': 0.386363636363636, 'max_dept...</td>\n",
       "      <td>5.753584</td>\n",
       "      <td>11.787111</td>\n",
       "      <td>0.767816</td>\n",
       "      <td>0.809269</td>\n",
       "    </tr>\n",
       "    <tr>\n",
       "      <th>155261</th>\n",
       "      <td>{'learning_rate': 0.409090909090909, 'max_dept...</td>\n",
       "      <td>5.763090</td>\n",
       "      <td>12.621566</td>\n",
       "      <td>0.752547</td>\n",
       "      <td>0.781308</td>\n",
       "    </tr>\n",
       "    <tr>\n",
       "      <th>143756</th>\n",
       "      <td>{'learning_rate': 0.38181818181818106, 'max_de...</td>\n",
       "      <td>5.769045</td>\n",
       "      <td>11.533913</td>\n",
       "      <td>0.792657</td>\n",
       "      <td>0.817375</td>\n",
       "    </tr>\n",
       "    <tr>\n",
       "      <th>143954</th>\n",
       "      <td>{'learning_rate': 0.38181818181818106, 'max_de...</td>\n",
       "      <td>5.787379</td>\n",
       "      <td>11.730102</td>\n",
       "      <td>0.808676</td>\n",
       "      <td>0.811109</td>\n",
       "    </tr>\n",
       "  </tbody>\n",
       "</table>\n",
       "</div>"
      ],
      "text/plain": [
       "                                                  hparams       mae  \\\n",
       "175141  {'learning_rate': 0.45454545454545403, 'max_de...  5.531810   \n",
       "174946  {'learning_rate': 0.45454545454545403, 'max_de...  5.531810   \n",
       "174751  {'learning_rate': 0.45454545454545403, 'max_de...  5.531810   \n",
       "175336  {'learning_rate': 0.45454545454545403, 'max_de...  5.531810   \n",
       "172416  {'learning_rate': 0.449999999999999, 'max_dept...  5.681253   \n",
       "141999  {'learning_rate': 0.37727272727272704, 'max_de...  5.723900   \n",
       "145312  {'learning_rate': 0.386363636363636, 'max_dept...  5.753584   \n",
       "155261  {'learning_rate': 0.409090909090909, 'max_dept...  5.763090   \n",
       "143756  {'learning_rate': 0.38181818181818106, 'max_de...  5.769045   \n",
       "143954  {'learning_rate': 0.38181818181818106, 'max_de...  5.787379   \n",
       "\n",
       "             rmse  spearman  r2_score  \n",
       "175141  10.821907  0.760270  0.839226  \n",
       "174946  10.821907  0.760270  0.839226  \n",
       "174751  10.821907  0.760270  0.839226  \n",
       "175336  10.821907  0.760270  0.839226  \n",
       "172416  11.980103  0.789782  0.802972  \n",
       "141999  11.526973  0.833376  0.817595  \n",
       "145312  11.787111  0.767816  0.809269  \n",
       "155261  12.621566  0.752547  0.781308  \n",
       "143756  11.533913  0.792657  0.817375  \n",
       "143954  11.730102  0.808676  0.811109  "
      ]
     },
     "metadata": {},
     "output_type": "display_data"
    },
    {
     "data": {
      "text/html": [
       "<div>\n",
       "<style scoped>\n",
       "    .dataframe tbody tr th:only-of-type {\n",
       "        vertical-align: middle;\n",
       "    }\n",
       "\n",
       "    .dataframe tbody tr th {\n",
       "        vertical-align: top;\n",
       "    }\n",
       "\n",
       "    .dataframe thead th {\n",
       "        text-align: right;\n",
       "    }\n",
       "</style>\n",
       "<table border=\"1\" class=\"dataframe\">\n",
       "  <thead>\n",
       "    <tr style=\"text-align: right;\">\n",
       "      <th></th>\n",
       "      <th>hparams</th>\n",
       "      <th>mae</th>\n",
       "      <th>rmse</th>\n",
       "      <th>spearman</th>\n",
       "      <th>r2_score</th>\n",
       "    </tr>\n",
       "  </thead>\n",
       "  <tbody>\n",
       "    <tr>\n",
       "      <th>98358</th>\n",
       "      <td>{'learning_rate': 0.277272727272727, 'max_dept...</td>\n",
       "      <td>6.041233</td>\n",
       "      <td>10.758499</td>\n",
       "      <td>0.748522</td>\n",
       "      <td>0.841105</td>\n",
       "    </tr>\n",
       "    <tr>\n",
       "      <th>174556</th>\n",
       "      <td>{'learning_rate': 0.45454545454545403, 'max_de...</td>\n",
       "      <td>5.817820</td>\n",
       "      <td>10.787507</td>\n",
       "      <td>0.747791</td>\n",
       "      <td>0.840247</td>\n",
       "    </tr>\n",
       "    <tr>\n",
       "      <th>175336</th>\n",
       "      <td>{'learning_rate': 0.45454545454545403, 'max_de...</td>\n",
       "      <td>5.531810</td>\n",
       "      <td>10.821907</td>\n",
       "      <td>0.760270</td>\n",
       "      <td>0.839226</td>\n",
       "    </tr>\n",
       "    <tr>\n",
       "      <th>174751</th>\n",
       "      <td>{'learning_rate': 0.45454545454545403, 'max_de...</td>\n",
       "      <td>5.531810</td>\n",
       "      <td>10.821907</td>\n",
       "      <td>0.760270</td>\n",
       "      <td>0.839226</td>\n",
       "    </tr>\n",
       "    <tr>\n",
       "      <th>175141</th>\n",
       "      <td>{'learning_rate': 0.45454545454545403, 'max_de...</td>\n",
       "      <td>5.531810</td>\n",
       "      <td>10.821907</td>\n",
       "      <td>0.760270</td>\n",
       "      <td>0.839226</td>\n",
       "    </tr>\n",
       "    <tr>\n",
       "      <th>174946</th>\n",
       "      <td>{'learning_rate': 0.45454545454545403, 'max_de...</td>\n",
       "      <td>5.531810</td>\n",
       "      <td>10.821907</td>\n",
       "      <td>0.760270</td>\n",
       "      <td>0.839226</td>\n",
       "    </tr>\n",
       "    <tr>\n",
       "      <th>103233</th>\n",
       "      <td>{'learning_rate': 0.28636363636363604, 'max_de...</td>\n",
       "      <td>6.008589</td>\n",
       "      <td>10.882712</td>\n",
       "      <td>0.788700</td>\n",
       "      <td>0.837415</td>\n",
       "    </tr>\n",
       "    <tr>\n",
       "      <th>139852</th>\n",
       "      <td>{'learning_rate': 0.372727272727272, 'max_dept...</td>\n",
       "      <td>6.061119</td>\n",
       "      <td>10.935089</td>\n",
       "      <td>0.758962</td>\n",
       "      <td>0.835846</td>\n",
       "    </tr>\n",
       "    <tr>\n",
       "      <th>98553</th>\n",
       "      <td>{'learning_rate': 0.277272727272727, 'max_dept...</td>\n",
       "      <td>5.885729</td>\n",
       "      <td>11.132820</td>\n",
       "      <td>0.797598</td>\n",
       "      <td>0.829856</td>\n",
       "    </tr>\n",
       "    <tr>\n",
       "      <th>131085</th>\n",
       "      <td>{'learning_rate': 0.35454545454545405, 'max_de...</td>\n",
       "      <td>6.127963</td>\n",
       "      <td>11.179126</td>\n",
       "      <td>0.737751</td>\n",
       "      <td>0.828437</td>\n",
       "    </tr>\n",
       "  </tbody>\n",
       "</table>\n",
       "</div>"
      ],
      "text/plain": [
       "                                                  hparams       mae  \\\n",
       "98358   {'learning_rate': 0.277272727272727, 'max_dept...  6.041233   \n",
       "174556  {'learning_rate': 0.45454545454545403, 'max_de...  5.817820   \n",
       "175336  {'learning_rate': 0.45454545454545403, 'max_de...  5.531810   \n",
       "174751  {'learning_rate': 0.45454545454545403, 'max_de...  5.531810   \n",
       "175141  {'learning_rate': 0.45454545454545403, 'max_de...  5.531810   \n",
       "174946  {'learning_rate': 0.45454545454545403, 'max_de...  5.531810   \n",
       "103233  {'learning_rate': 0.28636363636363604, 'max_de...  6.008589   \n",
       "139852  {'learning_rate': 0.372727272727272, 'max_dept...  6.061119   \n",
       "98553   {'learning_rate': 0.277272727272727, 'max_dept...  5.885729   \n",
       "131085  {'learning_rate': 0.35454545454545405, 'max_de...  6.127963   \n",
       "\n",
       "             rmse  spearman  r2_score  \n",
       "98358   10.758499  0.748522  0.841105  \n",
       "174556  10.787507  0.747791  0.840247  \n",
       "175336  10.821907  0.760270  0.839226  \n",
       "174751  10.821907  0.760270  0.839226  \n",
       "175141  10.821907  0.760270  0.839226  \n",
       "174946  10.821907  0.760270  0.839226  \n",
       "103233  10.882712  0.788700  0.837415  \n",
       "139852  10.935089  0.758962  0.835846  \n",
       "98553   11.132820  0.797598  0.829856  \n",
       "131085  11.179126  0.737751  0.828437  "
      ]
     },
     "metadata": {},
     "output_type": "display_data"
    },
    {
     "data": {
      "text/html": [
       "<div>\n",
       "<style scoped>\n",
       "    .dataframe tbody tr th:only-of-type {\n",
       "        vertical-align: middle;\n",
       "    }\n",
       "\n",
       "    .dataframe tbody tr th {\n",
       "        vertical-align: top;\n",
       "    }\n",
       "\n",
       "    .dataframe thead th {\n",
       "        text-align: right;\n",
       "    }\n",
       "</style>\n",
       "<table border=\"1\" class=\"dataframe\">\n",
       "  <thead>\n",
       "    <tr style=\"text-align: right;\">\n",
       "      <th></th>\n",
       "      <th>hparams</th>\n",
       "      <th>mae</th>\n",
       "      <th>rmse</th>\n",
       "      <th>spearman</th>\n",
       "      <th>r2_score</th>\n",
       "    </tr>\n",
       "  </thead>\n",
       "  <tbody>\n",
       "    <tr>\n",
       "      <th>133799</th>\n",
       "      <td>{'learning_rate': 0.359090909090909, 'max_dept...</td>\n",
       "      <td>7.364834</td>\n",
       "      <td>16.180420</td>\n",
       "      <td>0.843171</td>\n",
       "      <td>0.640593</td>\n",
       "    </tr>\n",
       "    <tr>\n",
       "      <th>149257</th>\n",
       "      <td>{'learning_rate': 0.395454545454545, 'max_dept...</td>\n",
       "      <td>6.974922</td>\n",
       "      <td>14.728405</td>\n",
       "      <td>0.838876</td>\n",
       "      <td>0.702204</td>\n",
       "    </tr>\n",
       "    <tr>\n",
       "      <th>158557</th>\n",
       "      <td>{'learning_rate': 0.41818181818181804, 'max_de...</td>\n",
       "      <td>7.603786</td>\n",
       "      <td>16.223311</td>\n",
       "      <td>0.838452</td>\n",
       "      <td>0.638685</td>\n",
       "    </tr>\n",
       "    <tr>\n",
       "      <th>172428</th>\n",
       "      <td>{'learning_rate': 0.449999999999999, 'max_dept...</td>\n",
       "      <td>6.659395</td>\n",
       "      <td>12.961758</td>\n",
       "      <td>0.838439</td>\n",
       "      <td>0.769360</td>\n",
       "    </tr>\n",
       "    <tr>\n",
       "      <th>141998</th>\n",
       "      <td>{'learning_rate': 0.37727272727272704, 'max_de...</td>\n",
       "      <td>6.236425</td>\n",
       "      <td>12.560068</td>\n",
       "      <td>0.838347</td>\n",
       "      <td>0.783434</td>\n",
       "    </tr>\n",
       "    <tr>\n",
       "      <th>125973</th>\n",
       "      <td>{'learning_rate': 0.34090909090909005, 'max_de...</td>\n",
       "      <td>7.542887</td>\n",
       "      <td>17.477576</td>\n",
       "      <td>0.836983</td>\n",
       "      <td>0.580657</td>\n",
       "    </tr>\n",
       "    <tr>\n",
       "      <th>166556</th>\n",
       "      <td>{'learning_rate': 0.436363636363636, 'max_dept...</td>\n",
       "      <td>6.643343</td>\n",
       "      <td>13.056348</td>\n",
       "      <td>0.836608</td>\n",
       "      <td>0.765981</td>\n",
       "    </tr>\n",
       "    <tr>\n",
       "      <th>153714</th>\n",
       "      <td>{'learning_rate': 0.40454545454545404, 'max_de...</td>\n",
       "      <td>7.302326</td>\n",
       "      <td>15.346160</td>\n",
       "      <td>0.836584</td>\n",
       "      <td>0.676699</td>\n",
       "    </tr>\n",
       "    <tr>\n",
       "      <th>110973</th>\n",
       "      <td>{'learning_rate': 0.304545454545454, 'max_dept...</td>\n",
       "      <td>6.776867</td>\n",
       "      <td>14.285258</td>\n",
       "      <td>0.836369</td>\n",
       "      <td>0.719855</td>\n",
       "    </tr>\n",
       "    <tr>\n",
       "      <th>39983</th>\n",
       "      <td>{'learning_rate': 0.14090909090909, 'max_depth...</td>\n",
       "      <td>7.303510</td>\n",
       "      <td>15.252737</td>\n",
       "      <td>0.835724</td>\n",
       "      <td>0.680624</td>\n",
       "    </tr>\n",
       "  </tbody>\n",
       "</table>\n",
       "</div>"
      ],
      "text/plain": [
       "                                                  hparams       mae  \\\n",
       "133799  {'learning_rate': 0.359090909090909, 'max_dept...  7.364834   \n",
       "149257  {'learning_rate': 0.395454545454545, 'max_dept...  6.974922   \n",
       "158557  {'learning_rate': 0.41818181818181804, 'max_de...  7.603786   \n",
       "172428  {'learning_rate': 0.449999999999999, 'max_dept...  6.659395   \n",
       "141998  {'learning_rate': 0.37727272727272704, 'max_de...  6.236425   \n",
       "125973  {'learning_rate': 0.34090909090909005, 'max_de...  7.542887   \n",
       "166556  {'learning_rate': 0.436363636363636, 'max_dept...  6.643343   \n",
       "153714  {'learning_rate': 0.40454545454545404, 'max_de...  7.302326   \n",
       "110973  {'learning_rate': 0.304545454545454, 'max_dept...  6.776867   \n",
       "39983   {'learning_rate': 0.14090909090909, 'max_depth...  7.303510   \n",
       "\n",
       "             rmse  spearman  r2_score  \n",
       "133799  16.180420  0.843171  0.640593  \n",
       "149257  14.728405  0.838876  0.702204  \n",
       "158557  16.223311  0.838452  0.638685  \n",
       "172428  12.961758  0.838439  0.769360  \n",
       "141998  12.560068  0.838347  0.783434  \n",
       "125973  17.477576  0.836983  0.580657  \n",
       "166556  13.056348  0.836608  0.765981  \n",
       "153714  15.346160  0.836584  0.676699  \n",
       "110973  14.285258  0.836369  0.719855  \n",
       "39983   15.252737  0.835724  0.680624  "
      ]
     },
     "metadata": {},
     "output_type": "display_data"
    },
    {
     "data": {
      "text/html": [
       "<div>\n",
       "<style scoped>\n",
       "    .dataframe tbody tr th:only-of-type {\n",
       "        vertical-align: middle;\n",
       "    }\n",
       "\n",
       "    .dataframe tbody tr th {\n",
       "        vertical-align: top;\n",
       "    }\n",
       "\n",
       "    .dataframe thead th {\n",
       "        text-align: right;\n",
       "    }\n",
       "</style>\n",
       "<table border=\"1\" class=\"dataframe\">\n",
       "  <thead>\n",
       "    <tr style=\"text-align: right;\">\n",
       "      <th></th>\n",
       "      <th>hparams</th>\n",
       "      <th>mae</th>\n",
       "      <th>rmse</th>\n",
       "      <th>spearman</th>\n",
       "      <th>r2_score</th>\n",
       "    </tr>\n",
       "  </thead>\n",
       "  <tbody>\n",
       "    <tr>\n",
       "      <th>98358</th>\n",
       "      <td>{'learning_rate': 0.277272727272727, 'max_dept...</td>\n",
       "      <td>6.041233</td>\n",
       "      <td>10.758499</td>\n",
       "      <td>0.748522</td>\n",
       "      <td>0.841105</td>\n",
       "    </tr>\n",
       "    <tr>\n",
       "      <th>174556</th>\n",
       "      <td>{'learning_rate': 0.45454545454545403, 'max_de...</td>\n",
       "      <td>5.817820</td>\n",
       "      <td>10.787507</td>\n",
       "      <td>0.747791</td>\n",
       "      <td>0.840247</td>\n",
       "    </tr>\n",
       "    <tr>\n",
       "      <th>175141</th>\n",
       "      <td>{'learning_rate': 0.45454545454545403, 'max_de...</td>\n",
       "      <td>5.531810</td>\n",
       "      <td>10.821907</td>\n",
       "      <td>0.760270</td>\n",
       "      <td>0.839226</td>\n",
       "    </tr>\n",
       "    <tr>\n",
       "      <th>175336</th>\n",
       "      <td>{'learning_rate': 0.45454545454545403, 'max_de...</td>\n",
       "      <td>5.531810</td>\n",
       "      <td>10.821907</td>\n",
       "      <td>0.760270</td>\n",
       "      <td>0.839226</td>\n",
       "    </tr>\n",
       "    <tr>\n",
       "      <th>174751</th>\n",
       "      <td>{'learning_rate': 0.45454545454545403, 'max_de...</td>\n",
       "      <td>5.531810</td>\n",
       "      <td>10.821907</td>\n",
       "      <td>0.760270</td>\n",
       "      <td>0.839226</td>\n",
       "    </tr>\n",
       "    <tr>\n",
       "      <th>174946</th>\n",
       "      <td>{'learning_rate': 0.45454545454545403, 'max_de...</td>\n",
       "      <td>5.531810</td>\n",
       "      <td>10.821907</td>\n",
       "      <td>0.760270</td>\n",
       "      <td>0.839226</td>\n",
       "    </tr>\n",
       "    <tr>\n",
       "      <th>103233</th>\n",
       "      <td>{'learning_rate': 0.28636363636363604, 'max_de...</td>\n",
       "      <td>6.008589</td>\n",
       "      <td>10.882712</td>\n",
       "      <td>0.788700</td>\n",
       "      <td>0.837415</td>\n",
       "    </tr>\n",
       "    <tr>\n",
       "      <th>139852</th>\n",
       "      <td>{'learning_rate': 0.372727272727272, 'max_dept...</td>\n",
       "      <td>6.061119</td>\n",
       "      <td>10.935089</td>\n",
       "      <td>0.758962</td>\n",
       "      <td>0.835846</td>\n",
       "    </tr>\n",
       "    <tr>\n",
       "      <th>98553</th>\n",
       "      <td>{'learning_rate': 0.277272727272727, 'max_dept...</td>\n",
       "      <td>5.885729</td>\n",
       "      <td>11.132820</td>\n",
       "      <td>0.797598</td>\n",
       "      <td>0.829856</td>\n",
       "    </tr>\n",
       "    <tr>\n",
       "      <th>131085</th>\n",
       "      <td>{'learning_rate': 0.35454545454545405, 'max_de...</td>\n",
       "      <td>6.127963</td>\n",
       "      <td>11.179126</td>\n",
       "      <td>0.737751</td>\n",
       "      <td>0.828437</td>\n",
       "    </tr>\n",
       "  </tbody>\n",
       "</table>\n",
       "</div>"
      ],
      "text/plain": [
       "                                                  hparams       mae  \\\n",
       "98358   {'learning_rate': 0.277272727272727, 'max_dept...  6.041233   \n",
       "174556  {'learning_rate': 0.45454545454545403, 'max_de...  5.817820   \n",
       "175141  {'learning_rate': 0.45454545454545403, 'max_de...  5.531810   \n",
       "175336  {'learning_rate': 0.45454545454545403, 'max_de...  5.531810   \n",
       "174751  {'learning_rate': 0.45454545454545403, 'max_de...  5.531810   \n",
       "174946  {'learning_rate': 0.45454545454545403, 'max_de...  5.531810   \n",
       "103233  {'learning_rate': 0.28636363636363604, 'max_de...  6.008589   \n",
       "139852  {'learning_rate': 0.372727272727272, 'max_dept...  6.061119   \n",
       "98553   {'learning_rate': 0.277272727272727, 'max_dept...  5.885729   \n",
       "131085  {'learning_rate': 0.35454545454545405, 'max_de...  6.127963   \n",
       "\n",
       "             rmse  spearman  r2_score  \n",
       "98358   10.758499  0.748522  0.841105  \n",
       "174556  10.787507  0.747791  0.840247  \n",
       "175141  10.821907  0.760270  0.839226  \n",
       "175336  10.821907  0.760270  0.839226  \n",
       "174751  10.821907  0.760270  0.839226  \n",
       "174946  10.821907  0.760270  0.839226  \n",
       "103233  10.882712  0.788700  0.837415  \n",
       "139852  10.935089  0.758962  0.835846  \n",
       "98553   11.132820  0.797598  0.829856  \n",
       "131085  11.179126  0.737751  0.828437  "
      ]
     },
     "metadata": {},
     "output_type": "display_data"
    }
   ],
   "source": [
    "for metric, ascending in zip(\n",
    "    [\"mae\", \"rmse\", \"spearman\", \"r2_score\"], [True, True, False, False]\n",
    "):\n",
    "    display(df_results.sort_values(by=metric, ascending=ascending).iloc[:10])"
   ]
  },
  {
   "cell_type": "code",
   "execution_count": 5,
   "metadata": {},
   "outputs": [
    {
     "data": {
      "text/plain": [
       "{'learning_rate': 0.37727272727272704,\n",
       " 'max_depth': 18,\n",
       " 'min_child_samples': 10,\n",
       " 'num_leaves': 100,\n",
       " 'random_state': 42}"
      ]
     },
     "execution_count": 5,
     "metadata": {},
     "output_type": "execute_result"
    }
   ],
   "source": [
    "index_opti = 141999\n",
    "hparams_opti = df_results.loc[index_opti][\"hparams\"]\n",
    "hparams_opti.pop(\"n_jobs\")\n",
    "hparams_opti"
   ]
  },
  {
   "cell_type": "code",
   "execution_count": 6,
   "metadata": {},
   "outputs": [
    {
     "data": {
      "text/plain": [
       "{'learning_rate': 0.3772727273,\n",
       " 'max_depth': 18.0,\n",
       " 'min_child_samples': 10.0,\n",
       " 'num_leaves': 100.0,\n",
       " 'random_state': 42.0}"
      ]
     },
     "execution_count": 6,
     "metadata": {},
     "output_type": "execute_result"
    }
   ],
   "source": [
    "path_hparams_opti = \"hparams_opti.json\"\n",
    "df_hparams_opti = pd.DataFrame.from_dict(hparams_opti, orient=\"index\")\n",
    "if not Path(path_hparams_opti).exists():\n",
    "    df_hparams_opti.to_json(path_hparams_opti)\n",
    "\n",
    "pd.read_json(path_hparams_opti).to_dict()[0]"
   ]
  }
 ],
 "metadata": {
  "kernelspec": {
   "display_name": "shgmlenv",
   "language": "python",
   "name": "python3"
  },
  "language_info": {
   "codemirror_mode": {
    "name": "ipython",
    "version": 3
   },
   "file_extension": ".py",
   "mimetype": "text/x-python",
   "name": "python",
   "nbconvert_exporter": "python",
   "pygments_lexer": "ipython3",
   "version": "3.11.0"
  }
 },
 "nbformat": 4,
 "nbformat_minor": 2
}
